146528, 148318, 116277, 150108
146531, 148321, 116280, 150111
146534, 148324, 116283, 150114
146537, 148327, 116286, 150117
146540, 148330, 116289, 150120
146543, 148333, 116292, 150123
146546, 148336, 116295, 150126
146549, 148339, 116298, 150129
146552, 148342, 116301, 150132
146555, 148345, 116304, 150135
146558, 148348, 116307, 150138
146561, 148351, 116310, 150141
146564, 148354, 116313, 150144
146567, 148357, 116316, 150147
146570, 148360, 116319, 150150
146573, 148363, 116322, 150153
146576, 148366, 116325, 150156
146579, 148369, 116328, 150159
146582, 148372, 116331, 150162
146585, 148375, 116334, 150165
146588, 148378, 116337, 150168
146591, 148381, 116340, 150171
146594, 148384, 116343, 150174
146597, 148387, 116346, 150177
146600, 148390, 116349, 150180
146603, 148393, 116352, 150183
146606, 148396, 116355, 150186
146609, 148399, 116358, 150189
146612, 148402, 116361, 150192
146615, 148405, 116364, 150195
146618, 148408, 116367, 150198
146621, 148411, 116370, 150201
146624, 148414, 116373, 150204
146627, 148417, 116376, 150207
146630, 148420, 116379, 150210
146633, 148423, 116382, 150213
146636, 148426, 116385, 150216
146639, 148429, 116388, 150219
146642, 148432, 116391, 150222
